lake = { #GeirHonrich
	triangle_strip = {
		1843.48 1853.83
		1850.87 1864.13
		1851.19 1842.56
		1857.17 1862.65
		1864.19 1841.81
		1862.13 1860.26
		1872.48 1839.52
		1876.61 1864.30
		1883.26 1835.91
		1893.04 1858.22
		1891.96 1818.87
		1896.91 1858.61
		1907.38 1815.75
		1909.62 1836.50
		1922.38 1818.88
		1924.00 1838.25
		1932.50 1805.62
		1951.12 1832.38
		1943.38 1796.62
		1978.00 1827.88
		1981.88 1791.00
		1999.62 1818.50
	}
	height = 33
}
lake = { #GeirLower
	triangle_strip = {
		1847.87 1855.43
		1847.96 1864.52
		1854.04 1854.30
		1855.65 1875.83
		1859.35 1860.00
		1863.48 1875.09
		1864.09 1865.52
		1865.39 1874.43
		1867.96 1867.39
	}
	height = 31
}
lake = { #Illinalta
	triangle_strip = {
		1672.69 1855.12
		1675.62 1877.44
		1680.56 1851.88
		1693.94 1876.62
		1700.56 1846.69
		1713.19 1874.56
		1715.88 1847.38
		1735.00 1862.19
		1734.81 1851.69
	}
	height = 27
}
