n_coldharbour_tn={
	location=2727
	color={
		188 188 188 
	}
	inland=yes
	outgoing={
		name="c_coldharbour_tn"
		path={
			2727 2850
		}
	}
	members={
		2721 2722 2723 2724 2725 2726 2727 2728 2729 2730 2741 2742 2743 2744 2745 2746 2747 2748 2749 2750 2771 2772 2773 2774 2775 2776 2777 2778 2779 2780 2791 2792 2793 2794 2795 2796 2797 2798 2799 2800 2821 2822 2823 2824 2825 2826 2827 2828 2829 2830 
	}
	ai_will_propagate_through_trade=yes
}
e_coldharbour_tn={
	location=2915
	color={
		0 168 0 
	}
	inland=yes
	outgoing={
		name="s_coldharbour_tn"
		path={
			2915 2970
		}
	}
	outgoing={
		name="c_coldharbour_tn"
		path={
			2915 2850
		}
	}
	members={
		2851 2852 2853 2854 2855 2856 2857 2858 2859 2860 2861 2862 2863 2864 2865 2866 2867 2868 2869 2870 2901 2902 2903 2904 2905 2906 2907 2908 2909 2910 2951 2952 2953 2954 2955 2956 2957 2958 2959 2960 2911 2912 2913 2914 2915 2916 2917 2918 2919 2920 
	}
	ai_will_propagate_through_trade=yes
}
c_coldharbour_tn={
	location=2850
	color={
		255 213 0 
	}
	inland=yes
	outgoing={
		name="s_coldharbour_tn"
		path={
			2850 2970
		}
	}
	members={
		2701 2702 2703 2704 2705 2706 2707 2708 2709 2710 2751 2752 2753 2754 2755 2756 2757 2758 2759 2760 2831 2832 2833 2834 2835 2836 2837 2838 2839 2840 2841 2842 2843 2844 2845 2846 2847 2848 2849 2850 2891 2892 2893 2894 2895 2896 2897 2898 2899 2900 
	}
	ai_will_propagate_through_trade=yes
}
s_coldharbour_tn={
	location=2970
	color={
		0 176 176 
	}
	inland=yes
	outgoing={
		name="w_coldharbour_tn"
		path={
			2970 3188
		}
	}
	members={
		2871 2872 2873 2874 2875 2876 2877 2878 2879 2880 2881 2882 2883 2884 2885 2886 2887 2888 2889 2890 2961 2962 2963 2964 2965 2966 2967 2968 2969 2970 2971 2972 2973 2974 2975 2976 2977 2978 2979 2980 2981 2982 2983 2984 2985 2986 2987 2988 2989 2990 
	}
	ai_will_propagate_through_trade=yes
}
w_coldharbour_tn={
	location=3188
	color={
		232 22 22 
	}
	inland=yes
	end=yes
	members={
		3141 3142 3143 3144 3145 3146 3147 3148 3149 3150 3151 3152 3153 3154 3155 3156 3157 3158 3159 3160 3161 3162 3163 3164 3165 3166 3167 3168 3169 3170 3171 3172 3173 3174 3175 3176 3177 3178 3179 3180 3181 3182 3183 3184 3185 3186 3187 3188 3189 3190 
	}
	ai_will_propagate_through_trade=yes
}