rift_tn={
	location=1268
	color={
		80 40 180 
	}
	inland=yes
	end=yes
	members={
		1264 1265 1266 1267 1268 7076 7077 7078 7079 7080 1269 1270 1271 1272 1273 7081 7082 7083 7084 7085 1279 1280 1281 1282 1283 7091 7092 7093 7094 7095 1284 1285 1286 1287 1288 7096 7097 7098 7099 7100 3106 3107 3108 3109 3110 3111 3112 3113 3114 3115 3116 3117 3118 3119 3120 3121 3122 3123 3124 3125 3126 3127 3128 3129 3130 3131 3132 3133 3134 3135 3136 3137 3138 3139 3140 3191 3192 3193 3194 3195 
	}
	ai_will_propagate_through_trade=yes
}
eastmarch_tn={
	location=1275
	color={
		255 187 51 
	}
	end=yes
	members={
		1274 1275 1276 1277 1278 7086 7087 7088 7089 7090 2806 2807 2808 2809 2810 2811 2812 2813 2814 2815 2816 2817 2818 2819 2820 2921 2922 2923 2924 2925 2926 2927 2928 2929 2930 2931 2932 2933 2934 2935 2941 2942 2943 2944 2945 2936 2937 2938 2939 2940 2946 2947 2948 2949 2950 2991 2992 2993 2994 2995 2996 2997 2998 2999 3000 3001 3002 3003 3004 3005 61 62 63 
	}
	ai_will_propagate_through_trade=yes
}
nordic_coast_tn={
	location=1863
	color={
		45 43 59 
	}
	end=yes
	members={
		1299 1300 1301 1303 1309 7111 7112 7113 7114 7115 1304 1305 1306 1307 1308 7116 7117 7118 7119 7120 7306 7307 7308 7309 7310 7311 7312 7313 7314 7315 2711 2712 2713 2714 2715 2696 2697 2698 2699 2700 2731 2732 2733 2734 2735 2716 2717 2718 2719 2720 2761 2762 2763 2764 2765 2736 2737 2738 2739 2740 2781 2782 2783 2784 2785 2766 2767 2768 2769 2770 2801 2802 2803 2804 2805 2786 2787 2788 2789 2790 70 69 66 65 1863 1861 1869 
	}
	ai_will_propagate_through_trade=yes
}
hjaalmarch_tn={
	location=1336
	color={
		33 77 0 
	}
	inland=yes
	end=yes
	members={
		1324 1325 1326 1327 1328 7136 7137 7138 7139 7140 1334 1335 1336 1337 1338 7146 7147 7148 7149 7150 1349 1350 1351 1352 1363 7161 7162 7163 7164 7165 2691 2692 2693 2694 2695 7316 7317 7318 7319 7320 7286 7287 7288 7289 7290 7291 7292 7293 7294 7295 7296 7297 7298 7299 7300 7301 7302 7303 7304 7305 
	}
	ai_will_propagate_through_trade=yes
}
haafingar_tn={
	location=1870
	color={
		153 23 0 
	}
	end=yes
	members={
		1339 1340 1341 1342 1343 7151 7152 7153 7154 7155 1344 1345 1346 1347 1348 7156 7157 7158 7159 7160 1358 1359 1360 1361 1362 7171 7172 7173 7174 7175 7176 7177 7178 7179 7180 7181 7182 7183 7184 7185 7186 7187 7188 7189 7190 7191 7192 7193 7194 7195 7196 7197 7198 7199 7200 7201 7202 7203 7204 7205 1870 4372 4373 1866 1867 1868 
	}
	ai_will_propagate_through_trade=yes
}
reach_tn = {
	location=1355
	color={
		30 250 43 
	}
	inland=yes
	end=yes
	members={
		1353 1354 1355 1356 1357 7166 7167 7168 7169 7170 7206 7207 7208 7209 7210 7211 7212 7213 7214 7215 7216 7217 7218 7219 7220 7221 7222 7223 7224 7225 7226 7227 7228 7229 7230 7231 7232 7233 7234 7235 7236 7237 7238 7239 7240 7241 7242 7243 7244 7245 7246 7247 7248 7249 7250 7251 7252 7253 7254 7255 
	}
	ai_will_propagate_through_trade=yes
}
falkreath_tn={
	location=1291
	color={
		0 17 51 
	}
	inland=yes
	end=yes
	members={
		1289 1290 1291 1292 1293 7101 7102 7103 7104 7105 1294 1295 1296 1297 1298 7106 7107 7108 7109 7110 3056 3057 3058 3059 3060 3061 3062 3063 3064 3065 3066 3067 3068 3069 3070 3071 3072 3073 3074 3075 3076 3077 3078 3079 3080 3081 3082 3083 3084 3085 7256 7257 7258 7259 7260 7261 7262 7263 7264 7265 7266 7267 7268 7269 7270 7271 7272 7273 7274 7275 7276 7277 7278 7279 7280 7281 7282 7283 7284 7285 
	}
	ai_will_propagate_through_trade=yes
}
whiterun_tn={
	location=1319
	color={
		240 245 255 
	}
	inland=yes
	end=yes
	members={
		1302 1314 1315 1316 1317 7126 7127 7128 7129 7130 1310 1311 1312 1313 1318 7121 7122 7123 7124 7125 1319 1320 1321 1322 1323 7131 7132 7133 7134 7135 3006 3007 3008 3009 3010 3011 3012 3013 3014 3015 3016 3017 3018 3019 3020 3021 3022 3023 3024 3025 3026 3027 3028 3029 3030 3031 3032 3033 3034 3035 3036 3037 3038 3039 3040 3041 3042 3043 3044 3045 3046 3047 3048 3049 3050 3051 3052 3053 3054 3055 3096 3097 3098 3099 3100 3101 3102 3103 3104 3105 3086 3087 3088 3089 3090 3091 3092 3093 3094 3095 1329 1330 1331 1332 1333 7141 7142 7143 7144 7145 
	}
	ai_will_propagate_through_trade=yes
}