blackwood_tn={
	location=5474
	color={
		193 26 14 
	}
	inland=yes
	end=yes
	members={
		1242 1243 1244 1245 1246 5426 5427 5428 5429 5430 1217 1218 1219 1220 1221 5401 5402 5403 5404 5405 6051 6052 6053 6054 6055 6056 6057 6058 6059 6060 1227 1228 1229 1230 1231 5411 5412 5413 5414 5415 1222 1223 1224 1225 1226 5406 5407 5408 5409 5410 5471 5472 5473 5474 5475 5476 5477 5478 5479 5480 5451 5452 5453 5454 5455 5456 5457 5458 5459 5460 
	}
	ai_will_propagate_through_trade=yes
}
westweald_tn={
	location=5576
	color={
		180 70 0 
	}
	inland=yes
	end=yes
	members={
		5601 5602 5603 5604 5605 5606 5607 5608 5609 5610 5611 5612 5613 5614 5615 5616 5617 5618 5619 5620 5591 5592 5593 5594 5595 5596 5597 5598 5599 5600 5581 5582 5583 5584 5585 5586 5587 5588 5589 5590 5561 5562 5563 5564 5565 5566 5567 5568 5569 5570 5571 5572 5573 5574 5575 5576 5577 5578 5579 5580 5551 5552 5553 5554 5555 5556 5557 5558 5559 5560 5531 5532 5533 5534 5535 5536 5537 5538 5539 5540 
	}
	ai_will_propagate_through_trade=yes
}
topalbay_tn={
	location=60
	color={
		204 119 31 
	}
	end=yes
	members={
		1117 1118 1119 1120 1121 5301 5302 5303 5304 5305 5461 5462 5463 5464 5465 5466 5467 5468 5469 5470 5441 5442 5443 5444 5445 5446 5447 5448 5449 5450 1122 1123 1124 1125 1126 5306 5307 5308 5309 5310 5481 5482 5483 5484 5485 5486 5487 5488 5489 5490 5501 5502 5503 5504 5505 5506 5507 5508 5509 5510 5491 5492 5493 5494 5495 5496 5497 5498 5499 5500 60 
	}
	ai_will_propagate_through_trade=yes
}
jeral_tn={
	location=1194
	color={
		98 50 23 
	}
	inland=yes
	end=yes
	members={
		5891 5892 5893 5894 5895 5896 5897 5898 5899 5900 5871 5872 5873 5874 5875 5876 5877 5878 5879 5880 5881 5882 5883 5884 5885 5886 5887 5888 5889 5890 5861 5862 5863 5864 5865 5866 5867 5868 5869 5870 5851 5852 5853 5854 5855 5856 5857 5858 5859 5860 1192 1193 1194 1195 1196 5376 5377 5378 5379 5380 5841 5842 5843 5844 5845 5846 5847 5848 5849 5850 5821 5822 5823 5824 5825 5826 5827 5828 5829 5830 5811 5812 5813 5814 5815 5816 5817 5818 5819 5820 1177 1178 1179 1180 1181 5361 5362 5363 5364 5365 5801 5802 5803 5804 5805 5806 5807 5808 5809 5810 5791 5792 5793 5794 5795 5796 5797 5798 5799 5800 
	}
	ai_will_propagate_through_trade=yes
}
eastcolovia_tn={
	location=5657
	color={
		200 200 102 
	}
	inland=yes
	end=yes
	members={
		5651 5652 5653 5654 5655 5656 5657 5658 5659 5660 5771 5772 5773 5774 5775 5776 5777 5778 5779 5780 5781 5782 5783 5784 5785 5786 5787 5788 5789 5790 5641 5642 5643 5644 5645 5646 5647 5648 5649 5650 5621 5622 5623 5624 5625 5626 5627 5628 5629 5630 5631 5632 5633 5634 5635 5636 5637 5638 5639 5640 5671 5672 5673 5674 5675 5676 5677 5678 5679 5680 5761 5762 5763 5764 5765 5766 5767 5768 5769 5770 5661 5662 5663 5664 5665 5666 5667 5668 5669 5670 
	}
	ai_will_propagate_through_trade=yes
}
westcolovia_tn={
	location=5718
	color={
		194 140 86 
	}
	inland=yes
	end=yes
	members={
		1172 1173 1174 1175 1176 5356 5357 5358 5359 5360 1162 1163 1164 1165 1166 5346 5347 5348 5349 5350 5691 5692 5693 5694 5695 5696 5697 5698 5699 5700 5701 5702 5703 5704 5705 5706 5707 5708 5709 5710 5721 5722 5723 5724 5725 5726 5727 5728 5729 5730 5711 5712 5713 5714 5715 5716 5717 5718 5719 5720 5741 5742 5743 5744 5745 5746 5747 5748 5749 5750 5731 5732 5733 5734 5735 5736 5737 5738 5739 5740 5751 5752 5753 5754 5755 5756 5757 5758 5759 5760 
	}
	ai_will_propagate_through_trade=yes
}
valus_tn={
	location=1251
	color={
		102 98 230 
	}
	inland=yes
	end=yes
	members={
		5991 5992 5993 5994 5995 5996 5997 5998 5999 6000 6031 6032 6033 6034 6035 6036 6037 6038 6039 6040 1247 1248 1249 1250 1251 5431 5432 5433 5434 5435 1252 1253 1254 1255 1256 5436 5437 5438 5439 5440 6041 6042 6043 6044 6045 6046 6047 6048 6049 6050 6021 6022 6023 6024 6025 6026 6027 6028 6029 6030 6011 6012 6013 6014 6015 6016 6017 6018 6019 6020 6001 6002 6003 6004 6005 6006 6007 6008 6009 6010 5971 5972 5973 5974 5975 5976 5977 5978 5979 5980 5981 5982 5983 5984 5985 5986 5987 5988 5989 5990 5951 5952 5953 5954 5955 5956 5957 5958 5959 5960 5941 5942 5943 5944 5945 5946 5947 5948 5949 5950 5931 5932 5933 5934 5935 5936 5937 5938 5939 5940 5921 5922 5923 5924 5925 5926 5927 5928 5929 5930 5911 5912 5913 5914 5915 5916 5917 5918 5919 5920 5901 5902 5903 5904 5905 5906 5907 5908 5909 5910 1237 1238 1239 1240 1241 5421 5422 5423 5424 5425 
	}
	ai_will_propagate_through_trade=yes
}
nibenay_tn={
	location=55
	color={
		219 124 139 
	}
	end=yes
	members={
		1212 1213 1214 1215 1216 5396 5397 5398 5399 5400 1232 1233 1234 1235 1236 5416 5417 5418 5419 5420 1127 1128 1129 1130 1131 5311 5312 5313 5314 5315 5521 5522 5523 5524 5525 5526 5527 5528 5529 5530 5511 5512 5513 5514 5515 5516 5517 5518 5519 5520 55 
	}
	ai_will_propagate_through_trade=yes
}
golden_coast_tn={
	location=1875
	color={
		145 251 108 
	}
	members={
		1142 1143 1144 1145 1146 5326 5327 5328 5329 5330 1147 1148 1149 1150 1151 5331 5332 5333 5334 5335 1152 1153 1154 1155 1156 5336 5337 5338 5339 5340 1157 1158 1159 1160 1161 5341 5342 5343 5344 5345 1167 1168 1169 1170 1171 5351 5352 5353 5354 5355 5681 5682 5683 5684 5685 5686 5687 5688 5689 5690 1875 
	}
	end=yes
	ai_will_propagate_through_trade=yes
}
heartlands_tn={
	location=1206
	color={
		97 126 37 
	}
	inland=yes
	members={
		5391 5392 1211 1210 5393 1209 1208 5394 5395 1207 5961 5962 5963 5964 5965 5966 5967 5968 5969 5970 1197 1198 1199 1200 1201 5381 5382 5383 5384 5385 5831 5832 5833 5834 5835 5836 5837 5838 5839 5840 1182 1183 1184 1185 1186 5366 5367 5368 5369 5370 1187 1188 1189 1190 1191 5371 5372 5373 5374 5375 5541 5542 5543 5544 5545 5546 5547 5548 5549 5550 1132 1133 1134 1135 1136 5316 5317 5318 5319 5320 1137 1138 1139 1140 1141 5321 5322 5323 5324 5325 1202 1203 1204 1205 1206 5386 5387 5388 5389 5390 
	}
	end=yes
	ai_will_propagate_through_trade=yes
}