central_south_valenwood_tn={
	location=834
	color={
		137 183 104 
	}
	inland=yes
	end=yes
	members={
		5036 5037 5038 5039 5040 5041 5042 5043 5044 5045 5056 5057 5058 5059 5060 5061 5062 5063 5064 5065 5006 5007 5008 5009 5010 5011 5012 5013 5014 5015 4986 4987 4988 4989 4990 4991 4992 4993 4994 4995 4966 4967 4968 4969 4970 4971 4972 4973 4974 4975 834 835 836 837 838 4866 4867 4868 4869 4870 824 825 826 827 828 4856 4857 4858 4859 4860 839 840 841 842 843 4871 4872 4873 4874 4875 
	}
	ai_will_propagate_through_trade=yes
}
central_west_valenwood_tn={
	location=4931
	color={
		30 0 75 
	}
	inland=yes
	end=yes
	members={
		4926 4927 4928 4929 4930 4931 4932 4933 4934 4935 874 875 876 877 878 4906 4907 4908 4909 4910 4976 4977 4978 4979 4980 4981 4982 4983 4984 4985 5016 5017 5018 5019 5020 5021 5022 5023 5024 5025 5026 5027 5028 5029 5030 5031 5032 5033 5034 5035 
	}
	ai_will_propagate_through_trade=yes
}
southern_valenwood_tn={
	location=3708
	color={
		69 157 208 
	}
	end=yes
	members={
		4916 4917 4918 4919 4920 4921 4922 4923 4924 4925 859 860 861 862 863 4891 4892 4893 4894 4895 854 855 856 857 858 4886 4887 4888 4889 4890 4936 4937 4938 4939 4940 4941 4942 4943 4944 4945 4956 4957 4958 4959 4960 4961 4962 4963 4964 4965 849 850 851 852 853 4881 4882 4883 4884 4885 844 845 846 847 848 4876 4877 4878 4879 4880 3708 
	}
	ai_will_propagate_through_trade=yes
}
central_north_valenwood_tn={
	location=829
	color={
		210 106 47 
	}
	inland=yes
	end=yes
	members={
		4996 4997 4998 4999 5000 5001 5002 5003 5004 5005 829 830 831 832 833 4861 4862 4863 4864 4865 869 870 871 872 873 4901 4902 4903 4904 4905 814 815 816 817 818 4846 4847 4848 4849 4850 5046 5047 5048 5049 5050 5051 5052 5053 5054 5055 
	}
	ai_will_propagate_through_trade=yes
}
northern_valenwood_tn={
	location=820
	color={
		0 125 25 
	}
	end=yes
	members={
		809 810 811 812 813 4841 4842 4843 4844 4845 4946 4947 4948 4949 4950 4951 4952 4953 4954 4955 819 820 821 822 823 4851 4852 4853 4854 4855 879 880 881 882 883 4911 4912 4913 4914 4915 864 865 866 867 868 4896 4897 4898 4899 4900 
	}
	ai_will_propagate_through_trade=yes
}