c_kamal_tn={
	location=508
	color={
		236 162 19 
	}
	inland=yes
	outgoing={
		name="n_kamal_tn"
		path={
			508 4564
		}
	}
	outgoing={
		name="yanhai_po_tun_tn"
		path={
			508 4572
		}
	}
	outgoing={
		name="safala_peninsula_tn"
		path={
			508 4584
		}
	}
	members={
		496 497 498 499 500 2520 2521 2522 2523 2524 501 502 503 504 505 2525 2526 2527 2528 2529 506 507 508 509 510 2530 2531 2532 2533 2534 516 517 518 519 520 2540 2541 2542 2543 2544  2595 2596 2597 2598 2599 2600 2601 2602 2603 2604 2605 2606 2607 2608 2609 2610 2611 2612 2613 2614   
	}
	ai_will_propagate_through_trade=yes
}
w_tsakara_tn={
	location=736
	color={
		0 128 85 
	}
	inland=yes
	outgoing={
		name="e_tsakara_tn"
		path={
			736 194
		}
	}
	outgoing={
		name="transakavir_tn"
		path={
			736 3586
		}
	}
	members={
		677 678 679 680 681 1605 1606 1607 1608 1609  687 688 689 690 691 1615 1616 1617 1618 1619 702 703 704 705 706 1625 1626 1627 1628 1629 717 718 719 720 721 1645 1646 1647 1648 1649 732 733 734 735 736 1660 1661 1662 1663 1664  707 708 709 710 711 1635 1636 1637 1638 1639 682 683 684 685 686 1610 1611 1612 1613 1614 1682
	}
	ai_will_propagate_through_trade=yes
}
shamo_po_tun_tn={
	location=636
	color={
		255 217 25 
	}
	inland=yes
	outgoing={
		name="upper_tn"
		path={
			636 751
		}
	}
	outgoing={
		name="transakavir_tn"
		path={
			636 3586
		}
	}
	outgoing={
		name="yanhai_po_tun_tn"
		path={
			636 4572
		}
	}
	members={
	 614 615 616 617 618 648 1701 1702 1703 1704 1 629 630 631 632 633 1685 1686 1687 1688 1689 634 635 636 637 638 1690 1691 1692 1693 1694 639 640 641 642 643 1695 1696 1697 1698 1699 644 645 646 647 1700 1710 1711 1712 1713 1714 654 655 656 657 658 612 1665 1667 1668 1669 659 660 661 662 663 1715 1716 1717 1718 1719 737 738 739 741 742 1767 1768 1769 1770 1771 3541 3542 3543 3544 3545 3546 3547 3548 3549 3550 
	}
	ai_will_propagate_through_trade=yes
}
e_tsakara_tn={
	location=194
	color={
		71 245 120 
	}
	outgoing={
		name="upper_tn"
		path={
			194 751
		}
	}
	members={
		692 693 694 695 696 1620 1621 1622 1623 1624 697 698 699 700 701 1630 1631 1632 1633 1634 712 713 714 715 716 1640 1641 1642 1643 1644 727 728 729 730 731 1650 1651 1652 1653 1654 722 723 724 725 726 1655 1656 1657 1658 1659 194   3631 3632 3633 3634 3635 3636 3637 3638 3639 3640 3641 3642 3643 3644 3645 3646 3647 3648 3649 3650 3651 3652 3653 3654 3655 3656 3657 3658 3659 3660
	}
	ai_will_propagate_through_trade=yes
}
transakavir_tn={
	location=3586
	color={
		0 0 255 
	}
	inland=yes
	outgoing={
		name="thousand_tn"
		path={
			3586 172
		}
	}
	members={
		3551 3552 3553 3554 3555 3556 3557 3558 3559 3560 3561 3562 3563 3564 3565 3566 3567 3568 3569 3570 3571 3572 3573 3574 3575 3576 3577 3578 3579 3580 3581 3582 3583 3584 3585 3586 3587 3588 3589 3590   609 610 611 613 619 620 621 622 623 624 625 626 627 628 1666 1670 1671 1672 1673 1674 1675 1676 1677 1678 1679 1680 1681 1 1683 1684
	}
	ai_will_propagate_through_trade=yes
}
upper_tn={
	location=751
	color={
		32 164 51 
	}
	inland=yes
	outgoing={
		name="s_kamal_tn"
		path={
			751 2573
		}
	}
	members={
		 743 744 745 746 747 1772 1773 1774 1775 1776 740 748 749 750 751 752 1777 1778 1779 1780 753 754 755 756 757 1781 1782 1783 1784 1785 758 759 760 761 762 1786 1787 1788 1789 1790   3591 3592 3593 3594 3595 3596 3597 3598 3599 3600 3601 3602 3603 3604 3605 3606 3607 3608 3609 3610
	}
	ai_will_propagate_through_trade=yes
}
s_kamal_tn={
	location=2573
	color={
		28 71 240 
	}
	inland=yes
	outgoing={
		name="yanhai_po_tun_tn"
		path = {
			2573 4572
		}
	}
	outgoing={
		name="n_kamal_tn"
		path = {
			2573 4564
		}
	}
	members={
		2555 2556 2557 2558 2559 2560 2561 2562 2563 2564 2565 2566 2567 2568 2569 2570 2571 2572 2573 2574 2575 2576 2577 2578 2579 2580 2581 2582 2583 2584 2585 2586 2587 2588 2589 2590 2591 2592 2593 2594  763 764 765 766 767 768 769 770 771 772 1791 1792 1793 1794 1795 1796 1797 1798 1799 1800 3531 3532 3533 3534 3535 3536 3537 3538 3539 3540
	}
	ai_will_propagate_through_trade=yes
}
yanhai_po_tun_tn={
	location=4572
	color={
		0 153 153 
	}
	outgoing={
		name="safala_peninsula_tn"
		path = {
			4572 4584
		}
	}
	members={
		649 650 651 652 653 1705 1706 1707 1708 1709 664 665 666 667 668 1720 1721 1722 1723 1724 2636 2637 2638 2639 2640 2641 2642 2643 2644 2645 2646 2647 2648 2649 2650 2651 2652 2653 2654 2655 3621 3622 3623 3624 3625 3626 3627 3628 3629 3630 4572 
	}
	ai_will_propagate_through_trade=yes
}
safala_peninsula_tn={
	location=4584
	color={
		57 32 32 
	}
	outgoing={
		name="thousand_tn"
		path = {
			4584 172
		}
	}
	members={
		575 576 577 578 579 1593 1594 1749 1750 1751 580 581 582 583 584 1595 1596 1752 1753 1754 585 586 587 588 589 1597 1598 1755 1756 1757 590 591 592 593 594 1599 1600 1758 1759 1760 595 596 597 598 599 1601 1602 1761 1762 1 4582 4584 2615 2616 2617 2618 2619 2620 2621 2622 2623 2624 2625 2626 2627 2628 2629 2630 2631 2632 2633 2634
	}
	ai_will_propagate_through_trade=yes
}
thousand_tn={
	location=172
	color={
		0 204 0 
	}
	outgoing={
		name="yokudan_islands_tn"
		path = {
			172 78
		}
	}
	members={
		535 536 537 538 539 1577 1578 1725 1726 1727 540 541 542 543 544 1579 1580 1728 1729 1730 545 546 547 548 549 1581 1582 1731 1732 1733 550 551 552 553 554 1583 1584 1734 1735 1736 555 556 557 558 559 1585 1586 1 1738 1739 560 561 562 563 564 1587 1588 1740 1741 1742 565 566 567 568 569 1589 1590 1743 1744 1745 570 571 572 573 574 1591 1592 1746 1747 1748 600 601 602 603 604 1603 1604 1764 1765 1766 3611 3612 3613 3614 3615 3616 3617 3618 3619 3620 172 
	}
	ai_will_propagate_through_trade=yes
}
n_kamal_tn={
	location=4564
	color={
		0 9 26 
	}
	outgoing={
		name="northern_islands_tn"
		path = {
			4564 4475
		}
	}
	members={
		 2666 2667 2668 2669 2670 2671 2672 2673 2674 2675 3481 3482 3483 3484 3485 3486 3487 3488 3489 3490 3 3492 3493 3494 3495 3496 3497 3498 3499 3500 3501 3502 3503 3504 3505 3506 3507 3508 3509 3510 3511 3512 3513 3514 3515 3516 3517 3518 3519 3520 3521 3522 3523 3524 3525 3526 3527 3528 3529 3530 4564 2635 491 492 493 494 495 511 512 513 514 515 2515 2516 2517 2518 2519 2535 2536 2537 2538 2539 2545 2546 2547 2548 2549 2550 2551 2552 2553 2554
	}
	ai_will_propagate_through_trade=yes
}
northern_islands_tn={
	location=4475
	color={
		220 220 220 
	}
	outgoing={
		name="e_atmora_tn"
		path = {
			4475 477
		}
	}
	members={
		406 407 408 409 410 1535 2208 2209 2210 2211 411 412 413 414 415 1536 1537 2212 2213 2214 793 794 795 796 797 798 1538 1801 1802 1803 800 801 802 803 804 1549 1804 1805 1806 1807 806 807 808 1546 1547 1808 1809 1810 1811 1812 1541 1542 1543 1544 1545 1813 1814 1815 1816 1817 799 805 1539 1540 1548 1550 1818 1819 1820 1821 2656 2657 2658 2659 2660 2661 2662 2663 2664 2665 3471 3472 3473 3474 3475 3476 3477 3478 3479 3480 4475 
	}
	ai_will_propagate_through_trade=yes
}