o_deadlands_tn={
	location=4337
	color={
		255 162 0 
	}
	inland=yes
	outgoing={
		name="w_deadlands_tn"
		path={
			4337 4285
		}
	}
	members={
		4311 4312 4313 4314 4315 4316 4317 4318 4319 4320 4321 4322 4323 4324 4325 4326 4327 4328 4329 4330 4331 4332 4333 4334 4335 4336 4337 4338 4339 4340 4341 4342 4343 4344 4345 4346 4347 4348 4349 4350 4351 4352 4353 4354 4355 4356 4357 4358 4359 4360 
	}
	ai_will_propagate_through_trade=yes
}
w_deadlands_tn={
	location=4285
	color={
		176 0 65 
	}
	inland=yes
	outgoing={
		name="c_deadlands_tn"
		path={
			4285 4174
		}
	}
	members={
		4141 4142 4143 4144 4145 4146 4147 4148 4149 4150 4181 4182 4183 4184 4185 4186 4187 4188 4189 4190 4191 4192 4193 4194 4195 4196 4197 4198 4199 4200 4281 4282 4283 4284 4285 4286 4287 4288 4289 4290 4291 4292 4293 4294 4295 4296 4297 4298 4299 4300 
	}
	ai_will_propagate_through_trade=yes
}
e_deadlands_tn={
	location=3877
	color={
		138 51 0 
	}
	inland=yes
	outgoing={
		name="c_deadlands_tn"
		path={
			3877 4174
		}
	}
	members={
		3861 3862 3863 3864 3865 3866 3867 3868 3869 3870 3871 3872 3873 3874 3875 3876 3877 3878 3879 3880 3881 3882 3883 3884 3885 3886 3887 3888 3889 3890 3891 3892 3893 3894 3895 3896 3897 3898 3899 3900 4151 4152 4153 4154 4155 4156 4157 4158 4159 4160 
	}
	ai_will_propagate_through_trade=yes
}
c_deadlands_tn={
	location=4174
	color={
		220 66 0 
	}
	inland=yes
	end=yes
	members={
		3761 3762 3763 3764 3765 3766 3767 3768 3769 3770 4061 4062 4063 4064 4065 4066 4067 4068 4069 4070 4071 4072 4073 4074 4075 4076 4077 4078 4079 4080 4161 4162 4163 4164 4165 4166 4167 4168 4169 4170 4171 4172 4173 4174 4175 4176 4177 4178 4179 4180 
	}
	ai_will_propagate_through_trade=yes
}