#Atmora / Comments by the most helpful Kurashi
c_glacier_tn={
	location=458
	color={
		89 179 0 
	}
	inland=yes
	outgoing={
		name="c_atmora_tn"
		path={
			458 377
		}
	}
	members={
		380 381 382 385 386 446 447 448 449 450 451 452 453 454 455 456 457 458 459 460 461 462 463 464 465 466 467 468 469 470 1571 1572 2194 2195 2196 2280 2281 2282 2283 2284 2285 2286 2287 2288 2289 2290 2291 2292 2293 2294 2295 2296 2297 2298 2299 2310 2311 2312 2313 2314 2315 2316 2317 2318 2319 2330 2331 2332 2333 2334 2335 2336 2337 2338 2339 2440 2441 2442 2443 2444 2470 2471 2472 2473 2474 2475 2476 2477 2478 2479 2480 2481 2482 2483 2484 2485 2486 2487 2488 2489
	}
	ai_will_propagate_through_trade=yes
}
w_atmora_tn={
	location=4
	color={
		16 48 220 
	}
	outgoing={
		name="c_atmora_tn"
		path={
			4 1938
		}
	}
	members={
		357 358 359 361 362 363 364 365 379 387 426 427 428 429 430 431 432 433 434 435 436 437 438 439 440 441 442 443 444 445 1565 1566 1569 1570 2185 2186 2187 2188 2189 2190 2230 2231 2232 2233 2234 2235 2236 2237 2238 2239 2240 2241 2242 2243 2244 2245 2246 2247 2248 2249 2250 2251 2252 2253 2254 2255 2256 2257 2258 2259 2450 2451 2452 2453 2454 2455 2456 2457 2458 2459 2460 2461 2462 2463 2464 2465 2466 2467 2468 2469
	}
	ai_will_propagate_through_trade=yes
}
w_glacier_tn={
	location=2395
	color={
		255 153 170 
	}
	inland=yes
	outgoing={
		name="w_atmora_tn"
		path={
			2395 4
		}
	}
	members={
		416 417 418 419 420 421 422 423 424 425 2260 2261 2262 2263 2264 2265 2266 2267 2268 2269 2380 2381 2382 2383 2384 2385 2386 2387 2388 2389 2390 2391 2392 2393 2394 2395 2396 2397 2398 2399 2400 2401 2402 2403 2404 2405 2406 2407 2408 2409 2410 2411 2412 2413 2414 2415 2416 2417 2418 2419 2490 2491 2492 2493 2494 2495 2496 2497 2498 2499
	}
	ai_will_propagate_through_trade=yes
}
e_glacier_tn={
	location=2363
	color={
		0 204 204 
	}
	inland=yes
	outgoing = {
		name="c_atmora_tn"
		path={
			2363 1938
		}
	}
	members={
		471 472 473 474 475 2340 2341 2342 2343 2344 2345 2346 2347 2348 2349 2350 2351 2352 2353 2354 2355 2356 2357 2358 2359 2360 2361 2362 2363 2364 2365 2366 2367 2368 2369 2370 2371 2372 2373 2374 2375 2376 2377 2378 2379 2420 2421 2422 2423 2424 2425 2426 2427 2428 2429 2430 2431 2432 2433 2434 2435 2436 2437 2438 2439 2445 2446 2447 2448 2449 
	}
	ai_will_propagate_through_trade=yes
}
#Central coasts of Atmora where the frost good of atmora flow to the world.
c_atmora_tn={
	location=1938
	color={
		143 211 108 
	}
	outgoing = {
		name="e_atmora_tn"
		path={ 1938 477 }
	}
	members={
		356 360 366 367 368 369 370 371 372 373 374 375 376 377 378 383 384 388 389 394 486 487 488 489 490 1567 1568 1573 1574 1575 1576 2191 2192 2193 2197 2198 2199 2200 2201 2202 2203 2204 2205 2206 2207 2270 2271 2272 2273 2274 2275 2276 2277 2278 2279 2300 2301 2302 2303 2304 2305 2306 2307 2308 2309 2320 2321 2322 2323 2324 2325 2326 2327 2328 2329 2510 2511 2512 2513 2514
	}
	ai_will_propagate_through_trade=yes
}
#Roscrea - So here end all
e_atmora_tn={
	location=477
	color={
		192 108 63 
	}
	end=yes
	members={
		390 391 392 393 395 476 477 478 479 480 481 482 483 484 485 2215 2216 2217 2218 2219 2220 2221 2222 2223 2224 2225 2226 2227 2228 2229 2500 2501 2502 2503 2504 2505 2506 2507 2508 2509
	}
	ai_will_propagate_through_trade=yes
}