pyandonea_outer_tn={
	location=2031
	color={
		38 143 65 
	}
	inland=yes
	end=yes
	members={
		229 230 231 232 233 1559 1560 2017 2018 2019 234 235 236 237 238 1561 1562 2020 2021 2022 239 240 241 244 245 1563 1564 2023 2024 2025 2026 2027 2028 2029 2030 2031 2032 2033 2034 2035 2036 2037 2038 2039 2040 2041 2042 2043 2044 2045 2046 2047 2048 2049 2050 2051 2052 2053 2054 2055 2056 2057 2058 2059 2060 2061 2062 2063 2064 2065 2076 2077 2078 2079 2080 2081 2082 2083 2084 2085 
	}
	ai_will_propagate_through_trade=yes
}
pyandonea_inner_tn={
	location=104
	color={
		0 153 153 
	}
	end=yes
	members={
		209 210 211 212 213 1551 1552 2005 2006 2007 214 215 216 217 218 1553 1554 2008 2009 2010 219 220 221 222 223 1555 1556 2011 2012 2013 224 225 226 227 228 1557 1558 2014 2015 2016 2066 2067 2068 2069 2070 2071 2072 2073 2074 2075 2086 2087 2088 2089 2090 2091 2092 2093 2094 2095 2096 2097 2098 2099 2100 2101 2102 2103 2104 2105 104 131 132 134 137 106 101 139 102 107 105 103 108 
	}
	ai_will_propagate_through_trade=yes
}