southanequina_tn={
	location=5274
	color={
		101 102 163 
	}
	inland=yes
	end=yes
	members={
		5251 5252 5253 5254 5255 5256 5257 5258 5259 5260 5201 5202 5203 5204 5205 5206 5207 5208 5209 5210 5241 5242 5243 5244 5245 5246 5247 5248 5249 5250 5291 5292 5293 5294 5295 5296 5297 5298 5299 5300 914 915 916 917 918 5096 5097 5098 5099 5100 5271 5272 5273 5274 5275 5276 5277 5278 5279 5280 5261 5262 5263 5264 5265 5266 5267 5268 5269 5270 5281 5282 5283 5284 5285 5286 5287 5288 5289 5290 
	}
	ai_will_propagate_through_trade=yes
}
pelletine_tn={
	location=119
	color={
		202 150 172 
	}
	end=yes
	members={
		932 933 934 936 937 5116 5117 5118 5119 5120 928 929 930 931 948 5111 5112 5113 5114 5115 5161 5162 5163 5164 5165 5166 5167 5168 5169 5170 5151 5152 5153 5154 5155 5156 5157 5158 5159 5160 919 920 921 922 923 5101 5102 5103 5104 5105 5171 5172 5173 5174 5175 5176 5177 5178 5179 5180 5181 5182 5183 5184 5185 5186 5187 5188 5189 5190 939 940 941 942 943 5121 5122 5123 5124 5125 119 
	}
	ai_will_propagate_through_trade=yes
}
westanequina_tn={
	location=888
	color={
		193 26 14 
	}
	inland=yes
	end=yes
	members={
		904 905 906 907 908 5086 5087 5088 5089 5090 884 885 886 887 888 5066 5067 5068 5069 5070 899 900 901 902 903 5081 5082 5083 5084 5085 5131 5132 5133 5134 5135 5136 5137 5138 5139 5140 5211 5212 5213 5214 5215 5216 5217 5218 5219 5220 
	}
	ai_will_propagate_through_trade=yes
}
eastanequina_tn={
	location=5226
	color={
		78 50 187 
	}
	inland=yes
	end=yes
	members={
		5221 5222 5223 5224 5225 5226 5227 5228 5229 5230 5141 5142 5143 5144 5145 5146 5147 5148 5149 5150 894 895 896 897 898 5076 5077 5078 5079 5080 5231 5232 5233 5234 5235 5236 5237 5238 5239 5240 938 944 945 946 947 5126 5127 5128 5129 5130 5191 5192 5193 5194 5195 5196 5197 5198 5199 5200 909 910 911 912 913 5091 5092 5093 5094 5095 924 925 926 927 935 5106 5107 5108 5109 5110 889 890 891 892 893 5071 5072 5073 5074 5075 
	}
	ai_will_propagate_through_trade=yes
}