upper_yokuda_tn={
	location=2170
	color={
		0 191 230 
	}
	end=yes
	members={
		336 354 355 2129 2130 2131 2132 2133 2134 2135 2146 2147 2148 2149 2150 2151 2152 2153 2154 2155 2156 2157 2158 2159 2160 2161 2162 2163 2164 2165 2166 2167 2168 2169 2170 2171 2172 2173 2174 2175 3451 3452 3453 3454 3455 3456 3457 3458 3459 3460 3461 3462 3463 3464 3465 3466 3467 3468 3469 3470 
	}
	ai_will_propagate_through_trade=yes
}
lower_yokuda_tn={
	location=2125
	color={
		153 76 0 
	}
	inland=yes
	end=yes
	members={
		325 330 331 340 2112 2113 2114 2115 273 285 332 333 334 2116 2117 2118 2119 2120 326 342 344 345 346 347 348 2121 2122 2123 329 341 343 349 350 2124 2125 2126 2127 2128 319 322 335 2136 2137 2138 2139 2140 
	}
	ai_will_propagate_through_trade=yes
}
yokudan_islands_tn={
	location=78
	color={
		254 200 181 
	}
	end=yes
	members={
		286 318 337 338 339 351 352 353 2141 2142 2143 2144 320 321 323 324 2106 2107 2108 2109 2110 2111 327 328 3441 3442 3443 3444 3445 3446 3447 3448 3449 3450 2145 2176 2177 2178 2179 2180 2181 2182 2183 2184 78 181 182 183 184 185 186 187 188 1888 1887 1884 1882 1890 1889 3741 3743 3744 79 75 76 74 72 73 77 
	}
	ai_will_propagate_through_trade=yes
}