wrothgar_tn={
	location=4378
	color={
		88 23 143 
	}
	end=yes
	members={
		1388 1389 1390 1391 1392 6861 6862 6863 6864 6865 1403 1404 1405 1406 1407 6876 6877 6878 6879 6880 1408 1409 1410 1411 1412 6881 6882 6883 6884 6885 1413 1414 1415 1416 1417 6886 6887 6888 6889 6890 1418 1419 1420 1421 1422 6891 6892 6893 6894 6895 1427 1429 1430 1431 1432 6901 6902 6903 6904 6905 7006 7007 7008 7009 7010 7011 7012 7013 7014 7015 7056 7057 7058 7059 7060 7061 7062 7063 7064 7065 7066 7067 7068 7069 7070 7071 7072 7073 7074 7075 4390 4389 4388 4380 4378 4376 4374 
	}
	ai_will_propagate_through_trade=yes
}
rivenspire_tn={
	location=7019
	color={
		179 59 0 
	}
	inland=yes
	end=yes
	members={
		1398 1399 1400 1401 1402 6871 6872 6873 6874 6875 6996 6997 6998 6999 7000 7001 7002 7003 7004 7005 7016 7017 7018 7019 7020 7021 7022 7023 7024 7025 7026 7027 7028 7029 7030 7031 7032 7033 7034 7035 7036 7037 7038 7039 7040 7041 7042 7043 7044 7045 4384 4386 
	}
	ai_will_propagate_through_trade=yes
}
glenumbra_tn={
	location=44
	color={
		129 214 238 
	}
	end=yes
	members={
		1368 1369 1370 1371 1372 6841 6842 6843 6844 6845 1373 1374 1375 1376 1377 6846 6847 6848 6849 6850 1383 1384 1385 1386 1387 6856 6857 6858 6859 6860 1393 1394 1395 1396 1397 6866 6867 6868 6869 6870 6906 6907 6908 6909 6910 6911 6912 6913 6914 6915 6916 6917 6918 6919 6920 6921 6922 6923 6924 6925 6926 6927 6928 6929 6930 6931 6932 6933 6934 6935 6936 6937 6938 6939 6940 6941 6942 6943 6944 6945 43 44 45 48 49 50 4382 
	}
	ai_will_propagate_through_trade=yes
}
bjoulsae_tn={
	location=1983
	color={
		51 34 0 
	}
	end=yes
	members={
		1423 1424 1425 1426 1428 6896 6897 6898 6899 6900 1466 1467 1468 1469 1470 6081 6082 6083 6084 6085 6251 6252 6253 6254 6255 6256 6257 6258 6259 6260 6261 6262 6263 6264 6265 6266 6267 6268 6269 6270 6271 6272 6273 6274 6275 6276 6277 6278 6279 6280 6281 6282 6283 6284 6285 6286 6287 6288 6289 6290 6301 6302 6303 6304 6305 6306 6307 6308 6309 6310 6986 6987 6988 6989 6990 6991 6992 6993 6994 6995 7046 7047 7048 7049 7050 7051 7052 7053 7054 7055 1983 1984 1982 
	}
	ai_will_propagate_through_trade=yes
}
iliac_bay_tn={
	location=3756
	color={
		255 102 153 
	}
	members={
		1378 1379 1380 1381 1382 6851 6852 6853 6854 6855 6341 6342 6343 6344 6345 6346 6347 6348 6349 6350 1491 1492 1493 1494 1495 6106 6107 6108 6109 6110 6946 6947 6948 6949 6950 6951 6952 6953 6954 6955 6956 6957 6958 6959 6960 6961 6962 6963 6964 6965 6966 6967 6968 6969 6970 6971 6972 6973 6974 6975 6976 6977 6978 6979 6980 6981 6982 6983 6984 6985 3751 3756 3754 3752 3755 3753 531 
	}
	end=yes
	ai_will_propagate_through_trade=yes
}