dragontail_tn={
	location=1459
	color={
		33 15 68 
	}
	inland=yes
	end=yes
	members={
		1456 1457 1458 1459 1460 6071 6072 6073 6074 6075 1461 1462 1463 1464 1465 6076 6077 6078 6079 6080 1471 1472 1473 1474 1475 6086 6087 6088 6089 6090 1486 1487 1488 1489 1490 6101 6102 6103 6104 6105 6161 6162 6163 6164 6165 6166 6167 6168 6169 6170 6171 6172 6173 6174 6175 6176 6177 6178 6179 6180 6181 6182 6183 6184 6185 6186 6187 6188 6189 6190 6241 6242 6243 6244 6245 6246 6247 6248 6249 6250 6291 6292 6293 6294 6295 6296 6297 6298 6299 6300 1451 1452 1453 1454 1455 6066 6067 6068 6069 6070 
	}
	ai_will_propagate_through_trade=yes
}
alikr_tn={
	location=6334
	color={
		255 230 102 
	}
	inland=yes
	end=yes
	members={
		1480 1485 1511 1512 1513 6126 6127 6128 6129 6130 1506 1507 1508 1509 1510 6121 6122 6123 6124 6125 6311 6312 6313 6314 6315 6316 6317 6318 6319 6320 6321 6322 6323 6324 6325 6326 6327 6328 6329 6330 6331 6332 6333 6334 6335 6336 6337 6338 6339 6340 6351 6352 6353 6354 6355 6356 6357 6358 6359 6360 6361 6362 6363 6364 6365 6366 6367 6368 6369 6370 6371 6372 6373 6374 6375 6376 6377 6378 6379 6380 6411 6412 6413 6414 6415 6416 6417 6418 6419 6420 
	}
	ai_will_propagate_through_trade=yes
}
co_hegathe_tn={
	location=91
	color={
		138 58 50 
	}
	end=yes
	members={
		1496 1497 1498 1499 1500 6111 6112 6113 6114 6115 1501 1502 1503 1504 1505 6116 6117 6118 6119 6120 6381 6382 6383 6384 6385 6386 6387 6388 6389 6390 6391 6392 6393 6394 6395 6396 6397 6398 6399 6400 6401 6402 6403 6404 6405 6406 6407 6408 6409 6410 91 41 42 3738 3739 3737 3734 3733 3731 3732 3726 3727 98 97 93 94 92 1476 1477 1478 1479 1514 6091 6092 6093 6094 6095 6421 6422 6423 6424 6425 6426 6427 6428 6429 6430 6431 6432 6433 6434 6435 6436 6437 6438 6439 6440 95 96 99 
	}
	ai_will_propagate_through_trade=yes
}
corten_heights_tn={
	location=3718
	color={
		60 175 91 
	}
	end=yes
	members={
		1446 1447 1448 1449 1450 6061 6062 6063 6064 6065 1481 1482 1483 1484 1515 6096 6097 6098 6099 6100 6131 6132 6133 6134 6135 6136 6137 6138 6139 6140 6141 6142 6143 6144 6145 6146 6147 6148 6149 6150 6151 6152 6153 6154 6155 6156 6157 6158 6159 6160 6191 6192 6193 6194 6195 6196 6197 6198 6199 6200 6201 6202 6203 6204 6205 6206 6207 6208 6209 6210 6211 6212 6213 6214 6215 6216 6217 6218 6219 6220 6221 6222 6223 6224 6225 6226 6227 6228 6229 6230 6231 6232 6233 6234 6235 6236 6237 6238 6239 6240 100 3715 3716 3717 3718 3719 3720 
	}
	ai_will_propagate_through_trade=yes
}