deshaan_tn={
	location=990
	color={
		90 45 143 
	}
	inland=yes
	end=yes
	members={
		969 970 971 972 973 979 980 981 982 983 989 990 991 992 993 3216 3217 3218 3219 3220 3226 3227 3228 3229 3230 3236 3237 3238 3239 3240 3421 3422 3423 3424 3425 3426 3427 3428 3429 3430 3431 3432 3433 3434 3435 3436 3437 3438 3439 3440 3791 3792 3793 3794 3795 3796 3797 3798 3799 3800 3801 3802 3803 3804 3805 3806 3807 3808 3809 3810 3811 3812 3813 3814 3815 3816 3817 3818 3819 3820 3821 3822 3823 3824 3825 3826 3827 3828 3829 3830 3831 3832 3833 3834 3835 3836 3837 3838 3839 3840 3851 3852 3853 3854 3855 3856 3857 3858 3859 3860 
	}
	ai_will_propagate_through_trade=yes
}
siltreen_tn={
	location=206
	color={
		238 255 204 
	}
	end=yes
	members={
		994 995 996 997 998 3241 3242 3243 3244 3245 3841 3842 3843 3844 3845 3846 3847 3848 3849 3850 3901 3902 3903 3904 3905 3906 3907 3908 3909 3910 3911 3912 3913 3914 3915 3916 3917 3918 3919 3920 3921 3922 3923 3924 3925 3926 3927 3928 3929 3930 3931 3932 3933 3934 3935 3936 3937 3938 3939 3940 3941 3942 3943 3944 3945 3946 3947 3948 3949 3950 204 202 201 206 
	}
	ai_will_propagate_through_trade=yes
}
telvania_tn={
	location=4436
	color={
		85 128 0 
	}
	end=yes
	members={
		1014 1015 1016 1017 1018 3261 3262 3263 3264 3265 1019 1020 1021 1022 1023 3266 3267 3268 3269 3270 1024 1025 1026 1027 1028 3271 3272 3273 3274 3275 1029 1030 1031 1032 1033 3276 3277 3278 3279 3280 4041 4042 4043 4044 4045 4046 4047 4048 4049 4050 4081 4082 4083 4084 4085 4086 4087 4088 4089 4090 4101 4102 4103 4104 4105 4106 4107 4108 4109 4110 4011 4012 4013 4014 4015 4016 4017 4018 4019 4020 4425 4427 4429 4430 4431 4432 4435 4437 4436 
	}
	ai_will_propagate_through_trade=yes
}
blacklight_tn={
	location=4411
	color={
		0 179 179 
	}
	end=yes
	members={
		949 950 951 952 953 3196 3197 3198 3199 3200 3311 3312 3313 3314 3315 3316 3317 3318 3319 3320 954 955 956 957 958 3201 3202 3203 3204 3205 959 960 961 962 963 3206 3207 3208 3209 3210 4271 4272 4273 4274 4275 4276 4277 4278 4279 4280 3321 3322 3323 3324 3325 3326 3327 3328 3329 3330 3341 3342 3343 3344 3345 3346 3347 3348 3349 3350 4415 4414 4413 4412 4404 4403 4411 
	}
	ai_will_propagate_through_trade=yes
}
vvardenfell_tn={
	location=1043
	color={
		84 152 93 
	}
	inland=yes
	end=yes
	members={
		1062 1039 1040 1041 1042 1043 3286 3287 3288 3289 3290 1044 1045 1046 1047 1048 3291 3292 3293 3294 3295 1049 1050 1051 1052 1053 3296 3297 3298 3299 3300 3301 3302 3303 3304 3305 3306 3307 3308 3309 3310 4211 4212 4213 4214 4215 4216 4217 4218 4219 4220 4231 4232 4233 4234 4235 4236 4237 4238 4239 4240 4241 4242 4243 4244 4245 4246 4247 4248 4249 4250 4251 4252 4253 4254 4255 4256 4257 4258 4259 4260 4261 4262 4263 4264 4265 4266 4267 4268 4269 4270 4301 4302 4303 4304 4305 4306 4307 4308 4309 4310 4408 4409 4410 4405 7321 7322 7323 7324 
	}
	ai_will_propagate_through_trade=yes
}
ebonheart_tn={
	location=4398
	color={
		153 153 255 
	}
	end=yes
	members={
		974 975 976 977 978 3221 3222 3223 3224 3225 984 985 986 987 988 3231 3232 3233 3234 3235 3771 3772 3773 3774 3775 3776 3777 3778 3779 3780 3781 3782 3783 3784 3785 3786 3787 3788 3789 3790 3951 3952 3953 3954 3955 3956 3957 3958 3959 3960 4397 4396 4395 4398 4399 4400 
	}
	ai_will_propagate_through_trade=yes
}
inner_sea_tn={
	location=4393
	color={
		179 119 0 
	}
	end=yes
	members={
		1009 1010 1011 1012 1013 3256 3257 3258 3259 3260 4131 4132 4133 4134 4135 4136 4137 4138 4139 4140 1034 1035 1036 1037 1038 3281 3282 3283 3284 3285 4031 4032 4033 4034 4035 4036 4037 4038 4039 4040 4051 4052 4053 4054 4055 4056 4057 4058 4059 4060 4091 4092 4093 4094 4095 4096 4097 4098 4099 4100 4111 4112 4113 4114 4115 4116 4117 4118 4119 4120 4121 4122 4123 4124 4125 4126 4127 4128 4129 4130 4201 4202 4203 4204 4205 4206 4207 4208 4209 4210 4221 4222 4223 4224 4225 4226 4227 4228 4229 4230 4394 4393 4392 4391 4406 4407 
	}
	ai_will_propagate_through_trade=yes
}
velothi_tn={
	location=3365
	color={
		204 34 0 
	}
	inland=yes
	members={
		964 965 966 967 968 3211 3212 3213 3214 3215 3331 3332 3333 3334 3335 3336 3337 3338 3339 3340 3351 3352 3353 3354 3355 3356 3357 3358 3359 3360 3361 3362 3363 3364 3365 3366 3367 3368 3369 3370 3371 3372 3373 3374 3375 3376 3377 3378 3379 3380 3381 3382 3383 3384 3385 3386 3387 3388 3389 3390 3391 3392 3393 3394 3395 3396 3397 3398 3399 3400 3401 3402 3403 3404 3405 3406 3407 3408 3409 3410 3411 3412 3413 3414 3415 3416 3417 3418 3419 3420 4402 4401 
	}
	ai_will_propagate_through_trade=yes
}
mournhold_tn={
	location=3248
	color={
		215 56 56 
	}
	inland=yes
	members={
		999 1000 1001 1002 1003 1004 1005 1006 1007 1008 3246 3247 3248 3249 3250 3251 3252 3253 3254 3255 3961 3962 3963 3964 3965 3966 3967 3968 3969 3970 3971 3972 3973 3974 3975 3976 3977 3978 3979 3980 3981 3982 3983 3984 3985 3986 3987 3988 3989 3990 3991 3992 3993 3994 3995 3996 3997 3998 3999 4000 4021 4022 4023 4024 4025 4026 4027 4028 4029 4030 4001 4002 4003 4004 4005 4006 4007 4008 4009 4010 
	}
	end=yes
	ai_will_propagate_through_trade=yes
}